cpu
Epoch: 1 	Discriminator Loss: 0.007258 	Generator Loss: 0.087516 	D(x): 0.834168 	D(G(z)): 0.188512 / 0.011990
Epoch: 2 	Discriminator Loss: 0.000802 	Generator Loss: 0.061994 	D(x): 0.954559 	D(G(z)): 0.046909 / 0.000603
Epoch: 3 	Discriminator Loss: 0.000252 	Generator Loss: 0.041508 	D(x): 0.978283 	D(G(z)): 0.023667 / 0.000553
slurmstepd: error: *** JOB 19608394 ON gv002 CANCELLED AT 2022-05-15T16:19:07 ***
