cuda
Epoch: 1 	Discriminator Loss: 0.007706 	Generator Loss: 0.083999 	D(x): 0.832010 	D(G(z)): 0.198910 / 0.016450
Epoch: 2 	Discriminator Loss: 0.001111 	Generator Loss: 0.077229 	D(x): 0.948306 	D(G(z)): 0.069479 / 0.000874
Epoch: 3 	Discriminator Loss: 0.000612 	Generator Loss: 0.059138 	D(x): 0.950580 	D(G(z)): 0.043134 / 0.000890
Epoch: 4 	Discriminator Loss: 0.000546 	Generator Loss: 0.030182 	D(x): 0.947653 	D(G(z)): 0.052898 / 0.001986
slurmstepd: error: *** JOB 19608668 ON gr018 CANCELLED AT 2022-05-15T16:38:11 ***
