cuda
Epoch: 1 	Discriminator Loss: 0.007956 	Generator Loss: 0.087914 	D(x): 0.819306 	D(G(z)): 0.203885 / 0.010764
Epoch: 2 	Discriminator Loss: 0.001078 	Generator Loss: 0.062410 	D(x): 0.940289 	D(G(z)): 0.061969 / 0.000867
Epoch: 3 	Discriminator Loss: 0.000470 	Generator Loss: 0.047829 	D(x): 0.962045 	D(G(z)): 0.038700 / 0.000602
Epoch: 4 	Discriminator Loss: 0.000649 	Generator Loss: 0.048739 	D(x): 0.942358 	D(G(z)): 0.063465 / 0.001491
slurmstepd: error: *** JOB 19608669 ON gv003 CANCELLED AT 2022-05-15T16:38:11 ***
